INTELSAT 10 (IS-10)     
1 26766U 01019A   25288.56252024 -.00000020  00000+0  00000+0 0  9990
2 26766   8.4882  61.7331 0005285 196.3737 357.7682  0.99077428 43153
INTELSAT 902 (IS-902)   
1 26900U 01039A   25281.76807552 -.00000279  00000+0  00000+0 0  9995
2 26900   5.4788  74.8408 0004201 119.7746  49.4647  1.00271851 88177
INTELSAT 904 (IS-904)   
1 27380U 02007A   25277.70507032 -.00000198  00000+0  00000+0 0  9993
2 27380   6.2753  72.2328 0001108 157.5250  10.1766  1.00265842 49208
DIRECTV 5 (TEMPO 1)     
1 27426U 02023A   25288.89174485 -.00000067  00000+0  00000+0 0  9991
2 27426   4.2508  78.3459 0003583 141.3886  15.8563  1.00271769 85675
INTELSAT 905 (IS-905)   
1 27438U 02027A   25288.60091375  .00000085  00000+0  00000+0 0  9992
2 27438   6.1364  72.7308 0002558 133.5867 257.1958  1.00271640 48916
GALAXY 3C (G-3C)        
1 27445U 02030A   25288.53799346 -.00000164  00000+0  00000+0 0  9998
2 27445   3.1132  81.1036 0001626  73.6356 328.4281  1.00271481 44042
INTELSAT 906 (IS-906)   
1 27513U 02041A   25288.88586645  .00000003  00000+0  00000+0 0  9991
2 27513   5.1784  75.9206 0004273 162.9581 168.8761  1.00273736 84572
GALAXY 13 (HORIZONS-1)  
1 27954U 03044A   25288.74111748  .00000119  00000+0  00000+0 0  9995
2 27954   0.7817  87.2463 0002171 118.8678 295.2220  1.00272457 44123
INTELSAT 10-02          
1 28358U 04022A   25288.91341160 -.00000025  00000+0  00000+0 0  9990
2 28358   0.0422  43.3249 0000836 228.1646  81.0426  1.00271784 78104
XM-3 (RHYTHM)           
1 28626U 05008A   25288.89651154 -.00000213  00000+0  00000+0 0  9996
2 28626   0.0135  87.1904 0000181 107.4100  66.4938  1.00270404 40173
DIRECTV 8               
1 28659U 05019A   25288.88992484 -.00000013  00000+0  00000+0 0  9995
2 28659   0.0014 173.1719 0003546  55.0603 357.7764  1.00271202 74626
GALAXY 28 (G-28)        
1 28702U 05022A   25288.20503234 -.00000195  00000+0  00000+0 0  9996
2 28702   2.6650  81.9618 0006512 175.5115 111.6019  1.00237421 49521
GALAXY 16 (G-16)        
1 29236U 06023A   25288.89399819 -.00000141  00000+0  00000+0 0  9999
2 29236   0.0182 195.9253 0002701  12.2491  39.3372  1.00273238 70525
DIRECTV 9S              
1 29494U 06043A   25288.89356486 -.00000126  00000+0  00000+0 0  9993
2 29494   1.7871  83.8602 0003141 129.2948  32.0121  1.00271634 48932
GALAXY 17 (G-17)        
1 31307U 07016B   25288.89677154 -.00000218  00000+0  00000+0 0  9990
2 31307   2.3507  82.9759 0006680 161.2127  18.3287  1.00270457 67359
DIRECTV 10              
1 31862U 07032A   25288.89321818 -.00000117  00000+0  00000+0 0  9995
2 31862   0.0080 356.9435 0000921 241.7356   4.7757  1.00271700 43145
INTELSAT 11 (IS-11)     
1 32253U 07044B   25288.93733171 -.00000222  00000+0  00000+0 0  9994
2 32253   2.9258  81.6500 0008759 136.6034 263.8881  0.99050639 66037
HORIZONS-2              
1 32388U 07063B   25288.89893821 -.00000265  00000+0  00000+0 0  9995
2 32388   1.9684  83.6237 0003470 156.2179  34.6629  1.00270183 65360
DIRECTV 11              
1 32729U 08013A   25288.89391153 -.00000140  00000+0  00000+0 0  9993
2 32729   0.0158  42.4188 0000190 100.7360 104.1385  1.00271686 43148
GALAXY 18 (G-18)        
1 32951U 08024A   25288.88914484  .00000011  00000+0  00000+0 0  9995
2 32951   0.0192 170.2357 0003079  40.8336  10.6917  1.00272774 43407
INTELSAT 25 (IS-25)     
1 33153U 08034A   25288.90734491 -.00000236  00000+0  00000+0 0  9992
2 33153   2.0751  83.3180 0004505 146.0400  90.4605  1.00270106 63240
GALAXY 19 (G-19)        
1 33376U 08045A   25288.89434486 -.00000153  00000+0  00000+0 0  9998
2 33376   0.0274 257.3017 0002837 305.3759  46.9578  1.00272679 62454
FM-5                    
1 35493U 09034A   25288.89651154 -.00000214  00000+0  00000+0 0  9990
2 35493   0.0208 260.1059 0000516 222.5185 138.6482  1.00270118 44196
INTELSAT 14 (IS-14)     
1 36097U 09064A   25288.90465823 -.00000287  00000+0  00000+0 0  9992
2 36097   0.0265  48.0228 0002556 162.2771  95.0589  1.00270060 58159
INTELSAT 15 (IS-15)     
1 36106U 09067A   25288.85090112 -.00000199  00000+0  00000+0 0  9997
2 36106   0.0162 262.9833 0002381 312.7881 200.3366  1.00270780 38774
DIRECTV 12              
1 36131U 09075A   25288.89321818 -.00000118  00000+0  00000+0 0  9999
2 36131   0.0318  34.3256 0000722 213.1050 356.0814  1.00272901 44102
INTELSAT 16 (IS-16)     
1 36397U 10006A   25288.89850487  .00000000  00000+0  00000+0 0  9997
2 36397   0.0131 210.8987 0002564  14.3292  46.7036  1.00270104 57203
XM-5                    
1 37185U 10053A   25288.89079152 -.00000037  00000+0  00000+0 0  9998
2 37185   0.0583 268.3591 0000351 224.0553  97.7480  1.00270148 55037
INTELSAT 17 (IS-17)     
1 37238U 10065B   25288.92667167 -.00000016  00000+0  00000+0 0  9990
2 37238   0.0183 220.6476 0002556 345.5888 218.0864  1.00271857 50794
INTELSAT 28 (IS-28)     
1 37392U 11016A   25288.90734491 -.00000237  00000+0  00000+0 0  9996
2 37392   1.1713  85.7410 0004093 128.5191 105.3862  1.00272350 50838
INTELSAT 18 (IS-18)     
1 37834U 11056A   25288.80655112  .00000039  00000+0  00000+0 0  9991
2 37834   0.0133 256.4897 0001889 312.7516 285.7208  1.00271330 51360
INTELSAT 22 (IS-22)     
1 38098U 12011A   25288.92788500 -.00000073  00000+0  00000+0 0  9996
2 38098   0.0211 253.8312 0001852 308.1421 228.8983  1.00274311  4736
INTELSAT 19 (IS-19)     
1 38356U 12030A   25288.87510477  .00000000  00000+0  00000+0 0  9993
2 38356   0.0156 223.6555 0003103 346.4412 295.5943  1.00274182 48002
INTELSAT 20 (IS-20)     
1 38740U 12043A   25288.88586645 -.00000038  00000+0  00000+0 0  9997
2 38740   0.0203 130.2692 0001949  52.4918 229.3136  1.00270595 48292
INTELSAT 21 (IS-21)     
1 38749U 12045A   25288.90214490 -.00000299  00000+0  00000+0 0  9996
2 38749   0.0207 236.0528 0002722 346.2782  69.1144  1.00268123 48070
INTELSAT 23 (IS-23)     
1 38867U 12057A   25288.90309823 -.00000299  00000+0  00000+0 0  9995
2 38867   0.0146 238.3720 0002299  12.9230  45.5265  1.00272508 47507
FM-6                    
1 39360U 13058A   25288.89044484 -.00000031  00000+0  00000+0 0  9997
2 39360   0.0228 134.1064 0002522  36.1103  58.8538  1.00269216 43617
INTELSAT 30 (IS-30)     
1 40271U 14062A   25288.82336454 -.00000165  00000+0  00000+0 0  9998
2 40271   0.0133  36.5359 0001425  25.4820 163.9348  1.00270471  4333
DIRECTV 14              
1 40333U 14078B   25288.89391153 -.00000140  00000+0  00000+0 0  9991
2 40333   0.0199 233.3832 0000658 323.3765  50.5066  1.00271342 39594
DIRECTV 15              
1 40663U 15026A   25288.89321818 -.00000116  00000+0  00000+0 0  9995
2 40663   0.0468  71.2486 0000081 130.4846  41.6424  1.00269320 38018
SKY MEXICO-1            
1 40664U 15026B   25288.82665788 -.00000248  00000+0  00000+0 0  9992
2 40664   0.0133 262.3629 0002183 305.7432  35.3374  1.00270260 38001
INTELSAT 34 (IS-34)     
1 40874U 15039A   25288.90257823 -.00000299  00000+0  00000+0 0  9991
2 40874   0.0205 266.1430 0000525 113.1356 274.8219  1.00270050 37172
INTELSAT 31 (IS-31)     
1 41581U 16035A   25288.89477819 -.00000165  00000+0  00000+0 0  9993
2 41581   0.0151 236.2846 0001756 356.2034  19.2367  1.00269959 34232
INTELSAT 36 (IS-36)     
1 41747U 16053A   25288.88586645 -.00000038  00000+0  00000+0 0  9993
2 41747   0.0119  24.8458 0001761 315.5669  71.6517  1.00271535 33497
INTELSAT 32E (IS-32E)   
1 41945U 17007B   25288.90500491 -.00000283  00000+0  00000+0 0  9993
2 41945   0.0377  62.3511 0000672 284.3349 320.6203  1.00270094 31775
INTELSAT 35E (IS-35E)   
1 42818U 17041A   25288.90673824 -.00000252  00000+0  00000+0 0  9998
2 42818   0.0210 232.4105 0002759 352.9250  91.2929  1.00271700 30366
INTELSAT 37E (IS-37E)   
1 42950U 17059A   25288.91003159  .00000000  00000+0  00000+0 0  9993
2 42950   0.0168 193.3853 0002807  13.5853 127.3141  1.00271058 29612
AZERSPACE 2 (IS-38)     
1 43632U 18074A   25288.92251164  .00000000  00000+0  00000+0 0  9991
2 43632   0.0190 204.4371 0001403   8.1210 189.3401  1.00270630 25991
HORIZONS-3E             
1 43633U 18074B   25288.87571145  .00000000  00000+0  00000+0 0  9990
2 43633   0.0167 209.5895 0001679  85.6401 213.6589  1.00269342 25895
AT&T T-16               
1 44333U 19034A   25288.89356486 -.00000129  00000+0  00000+0 0  9999
2 44333   0.0415  60.1805 0000111  74.4828 110.8267  1.00269058 23185
INTELSAT 39 (IS-39)     
1 44476U 19049B   25288.92589166  .00000020  00000+0  00000+0 0  9999
2 44476   0.0203 236.8138 0000317 115.0271  68.1318  1.00270935 22672
GALAXY 30 (G-30)        
1 46114U 20056C   25288.60342711  .00000022  00000+0  00000+0 0  9990
2 46114   0.0177 165.9559 0002551  47.4615 263.2195  1.00271970 18849
GALAXY 33 (G-33)        
1 54026U 22128A   25288.67319411  .00000064  00000+0  00000+0 0  9997
2 54026   0.0133 263.5784 0001926 302.1518 288.0940  1.00274083 11298
GALAXY 34 (G-34)        
1 54027U 22128B   25288.67397411  .00000044  00000+0  00000+0 0  9992
2 54027   0.0173 250.8968 0001490 313.4436 293.7702  1.00272582 11466
GALAXY 31 (G-31)        
1 54243U 22153A   25288.88949150 -.00000001  00000+0  00000+0 0  9990
2 54243   0.0138 225.7382 0001768   1.8768 356.2879  1.00273416  4685
GALAXY 32 (G-32)        
1 54244U 22153B   25288.89555819  .00000000  00000+0  00000+0 0  9995
2 54244   0.0125 222.0964 0001143  63.6608 330.3081  1.00269038 10695
GALAXY 35 (G-35)        
1 54741U 22170A   25288.89512486 -.00000176  00000+0  00000+0 0  9994
2 54741   0.0170 236.8904 0002088 333.0170  43.9065  1.00272602 10444
GALAXY 36 (G-36)        
1 54742U 22170B   25288.89599153 -.00000199  00000+0  00000+0 0  9996
2 54742   0.0098 171.1930 0001256 352.5147  94.5284  1.00272108 10323
GALAXY 37 (G-37)        
1 57493U 23112A   25288.67432079  .00000000  00000+0  00000+0 0  9998
2 57493   0.0122 195.2720 0002222  27.0192 277.9171  1.00271330  8098